number of function:3
1: 0.0
2: 0.0
3: 0.0
number of Demand:2
1: 1: 8: 50.0: 17.093794585933868: 3 : 2    1    3    
2: 2: 7: 50.0: 17.093794585933868: 3 : 2    3    1    
virtual node:8
0.0 0.0 800.0 0.0 0.0 0.0 0.0 0.0 
0.0 0.0 0.0 800.0 0.0 0.0 800.0 0.0 
0.0 0.0 0.0 0.0 0.0 0.0 800.0 0.0 
0.0 0.0 0.0 0.0 0.0 800.0 0.0 0.0 
0.0 800.0 0.0 0.0 0.0 0.0 0.0 0.0 
0.0 0.0 0.0 0.0 800.0 0.0 0.0 800.0 
0.0 0.0 0.0 0.0 0.0 0.0 0.0 800.0 
800.0 0.0 0.0 0.0 0.0 0.0 0.0 0.0 

x_val[0][0][2]=1.0
x_val[0][1][0]=1.0
x_val[0][2][7]=1.0
x_val[1][0][6]=1.0
x_val[1][1][0]=1.0
x_val[1][2][2]=1.0
y_val[0][0][2]=1.0
y_val[0][2][6]=1.0
y_val[0][6][7]=1.0
y_val[1][0][2]=1.0
y_val[1][1][3]=1.0
y_val[1][2][6]=1.0
y_val[1][3][5]=1.0
y_val[1][5][7]=1.0
y_val[1][7][0]=1.0
phi_val[0][1][0][2]=1.0
phi_val[0][2][2][6]=1.0
phi_val[0][2][6][7]=1.0
phi_val[1][0][1][3]=1.0
phi_val[1][0][3][5]=1.0
phi_val[1][0][5][7]=1.0
phi_val[1][0][7][0]=1.0
phi_val[1][1][0][2]=1.0
phi_val[1][2][2][6]=1.0
