6 3 8 27
1.5 13.77 13.63 ;3.76 23.71 11.44 ;4.23 15.26 6.04 ;3.51 19.09 1.9 ;1.77 17.65 10.53 ;2.97 18.77 6.52 ;
1 1 6 50.0 13.0 3.0401255426339797 5 3 4 2
2 3 8 50.0 13.0 3.702635165838794 3 2 4 6
3 4 1 50.0 13.0 1.288558550182704 4 1 2 3 6
0.44
32 640 60 ;1.68 
16 320 30 ;0.84 
16 320 30 ;0.84 
16 24000 122 ;2.76 
16 3200 122 ;3.41 
16 320 30 ;0.84 
16 320 30 ;0.84 
16 24000 122 ;2.76 
0 1000 430 852 730 730 510 510 
1000 0 1000 1600 800 900 852 1000 
430 1000 0 1600 430 852 430 800 
852 1600 1600 0 860 1000 0 2000 
730 800 430 860 0 510 900 510 
730 900 852 1000 510 0 852 730 
510 852 430 0 900 852 0 600 
510 1000 800 2000 510 730 600 0 
