6 3 8 27
4.81 19.44 14.09 ;4.89 24.77 10.43 ;2.01 18.07 6.43 ;3.26 23.83 6.42 ;3.31 19.67 13.8 ;1.4 18.77 8.2 ;
1 3 2 100.0 13.0 2.6450714120082086 1 4 2 5 6
2 5 7 50.0 13.0 4.204198002641891 4 5 3 6 1 
3 1 4 50.0 13.0 4.812427032609682 5 1 2 3 6
0.44
16 24000 122 ;2.76 
36 116 48000 ;5.52 
32 6400 244 ;6.82 
32 6400 244 ;6.82 
8 160 61 ;0.67 
16 320 30 ;0.84 
8 1600 61 ;1.71 
32 640 60 ;1.68 
0 510 860 2000 900 730 1000 2000 
510 0 2000 1000 860 900 900 430 
860 2000 0 2000 1000 730 800 1600 
2000 1000 2000 0 510 1000 730 860 
900 860 1000 510 0 510 600 0 
730 900 730 1000 510 0 860 800 
1000 900 800 730 600 860 0 800 
2000 430 1600 860 0 800 800 0 
