3 3 7 18
1.41 7.81 1.08 ;1.98 6.95 1.9 ;1.85 5.2 1.33 ;
1 5 6 100.0 13.0 1.6818278823689203 1 2 3
2 1 5 100.0 13.0 1.6818278823689203 1 3
3 3 2 100.0 13.0 1.6818278823689203 2 3 1
0.44
4 200 14 ;0.56 
32 320 60 ;0.63 
8 382 56 ;1.17 
16 3072 224 ;5.36 
8 382 56 ;1.45 
8 382 56 ;1.17 
16 800 112 ;2.11 
0 430 1600 1600 2000 0 860 
430 0 860 860 0 1000 1600 
1600 860 0 730 0 430 852 
1600 860 730 0 600 2000 430 
2000 0 0 600 0 852 730 
0 1000 430 2000 852 0 430 
860 1600 852 430 730 430 0 
